0 1
1 2
4 5
1 4
0 2
2 5
0 3
3 4
3 5
6 7
7 8
10 11
7 10
6 8
8 11
6 9
9 10
9 11
3 6
4 7
5 8
12 13
13 14
16 17
13 16
12 14
14 17
12 15
15 16
15 17
9 12
10 13
11 14
18 19
19 20
22 23
19 22
18 20
20 23
18 21
21 22
21 23
15 18
16 19
17 20
24 25
25 26
28 29
25 28
24 26
26 29
24 27
27 28
27 29
21 24
22 25
23 26
30 31
31 32
34 35
31 34
30 32
32 35
30 33
33 34
33 35
27 30
28 31
29 32
36 37
37 38
40 41
37 40
36 38
38 41
36 39
39 40
39 41
33 36
34 37
35 38
42 43
43 44
46 47
43 46
42 44
44 47
42 45
45 46
45 47
39 42
40 43
41 44
48 49
49 50
52 53
49 52
48 50
50 53
48 51
51 52
51 53
45 48
46 49
47 50
54 55
55 56
58 59
55 58
54 56
56 59
54 57
57 58
57 59
51 54
52 55
53 56
60 61
61 62
64 65
61 64
60 62
62 65
60 63
63 64
63 65
57 60
58 61
59 62
